,행정동코드,행정동이름,출근시간대_생활인구총합
0,11110515,청운효자동,11367.866640909095
1,11110530,사직동,22153.773675
2,11110540,삼청동,4965.182520454546
3,11110550,부암동,9024.359993181819
4,11110560,평창동,12187.134697727277
5,11110570,무악동,4672.782531818181
6,11110580,교남동,6205.029395454545
7,11110600,가회동,6053.81764090909
8,11110615,종로1.2.3.4가동,52830.16386136363
9,11110630,종로5.6가동,12649.249731818181
10,11110640,이화동,22672.176170454546
11,11110650,혜화동,21687.963706818184
12,11110670,창신1동,5627.679363636363
13,11110680,창신2동,6022.578645454546
14,11110690,창신3동,4022.2460681818184
15,11110700,숭인1동,5140.455443181818
16,11110710,숭인2동,10560.744368181815
17,11140520,소공동,31734.393352272727
18,11140540,회현동,25729.03915681818
19,11140550,명동,40874.13262727274
20,11140570,필동,12707.109981818183
21,11140580,장충동,9717.320304545456
22,11140590,광희동,21178.014038636364
23,11140605,을지로동,15285.106963636365
24,11140615,신당동,16000.53520681818
25,11140625,다산동,11690.823570454544
26,11140635,약수동,9213.243852272728
27,11140645,청구동,7452.959681818182
28,11140650,신당5동,5267.17408409091
29,11140665,동화동,8936.819061363634
30,11140670,황학동,9188.828338636364
31,11140680,중림동,6691.647152272728
32,11170510,후암동,9658.119925
33,11170520,용산2가동,9217.735906818181
34,11170530,남영동,16535.750759090904
35,11170555,청파동,17844.407277272727
36,11170560,원효로1동,16355.882354545456
37,11170570,원효로2동,11287.392002272729
38,11170580,효창동,7345.895852272728
39,11170590,용문동,5909.861193181819
40,11170625,한강로동,43145.49805454546
41,11170630,이촌1동,18217.752797727273
42,11170640,이촌2동,6491.057540909092
43,11170650,이태원1동,8026.151702272726
44,11170660,이태원2동,8836.77425227273
45,11170685,한남동,23286.201475000005
46,11170690,서빙고동,11686.244729545455
47,11170700,보광동,6006.440127272728
48,11200520,왕십리2동,10262.504970454545
49,11200535,왕십리도선동,21492.782861363634
50,11200540,마장동,16777.453068181818
51,11200550,사근동,18799.832765909086
52,11200560,행당1동,19903.18264090909
53,11200570,행당2동,12512.112306818182
54,11200580,응봉동,7658.608127272727
55,11200590,금호1가동,9636.486813636362
56,11200615,금호2.3가동,14308.556520454546
57,11200620,금호4가동,8678.767338636364
58,11200645,옥수동,19127.370102272725
59,11200650,성수1가1동,14192.41975681818
60,11200660,성수1가2동,17364.890220454545
61,11200670,성수2가1동,15156.388095454544
62,11200690,성수2가3동,31482.219077272723
63,11200720,송정동,8124.622695454547
64,11200790,용답동,16505.930347727273
65,11215710,화양동,31030.389900000002
66,11215730,군자동,18345.186279545458
67,11215740,중곡1동,11369.439754545456
68,11215750,중곡2동,12737.635202272731
69,11215760,중곡3동,10559.755397727273
70,11215770,중곡4동,16923.959824999998
71,11215780,능동,11967.472838636364
72,11215810,광장동,23896.013925
73,11215820,자양1동,19313.63902272727
74,11215830,자양2동,16492.786829545454
75,11215840,자양3동,18500.484965909094
76,11215847,자양4동,21431.97429090909
77,11215850,구의1동,18317.378815909095
78,11215860,구의2동,13364.918870454545
79,11215870,구의3동,21552.166525
80,11230536,용신동,33312.816065909086
81,11230545,제기동,23382.651425
82,11230560,전농1동,24289.833731818177
83,11230570,전농2동,9850.447447727274
84,11230600,답십리1동,16764.95969090909
85,11230610,답십리2동,13333.947075000002
86,11230650,장안1동,26831.885493181817
87,11230660,장안2동,18474.644804545453
88,11230705,청량리동,13372.925979545453
89,11230710,회기동,14133.579729545456
90,11230720,휘경1동,14893.454161363636
91,11230730,휘경2동,13939.762027272727
92,11230740,이문1동,18738.700215909095
93,11230750,이문2동,9652.64952727273
94,11260520,면목2동,12940.080597727278
95,11260540,면목4동,10330.039402272725
96,11260550,면목5동,8229.044597727272
97,11260565,면목본동,19352.053843181817
98,11260570,면목7동,10301.327111363635
99,11260575,면목3.8동,14119.148656818179
100,11260580,상봉1동,11721.343229545453
101,11260590,상봉2동,17919.01276818182
102,11260600,중화1동,10585.623118181818
103,11260610,중화2동,16481.548720454546
104,11260620,묵1동,16331.663313636363
105,11260630,묵2동,11920.363354545456
106,11260655,망우본동,28123.888643181814
107,11260660,망우3동,7333.690965909089
108,11260680,신내1동,22207.104325000008
109,11260690,신내2동,10303.961538636364
110,11290525,성북동,15288.85958409091
111,11290555,삼선동,18737.60506590909
112,11290575,동선동,17671.33702727273
113,11290580,돈암1동,7857.536822727274
114,11290590,돈암2동,9205.483025
115,11290600,안암동,19007.14871818182
116,11290610,보문동,11790.229252272726
117,11290620,정릉1동,8044.236406818181
118,11290630,정릉2동,13617.087663636365
119,11290640,정릉3동,10790.299956818179
120,11290650,정릉4동,11460.541447727273
121,11290660,길음1동,21764.497986363636
122,11290685,길음2동,12114.734725
123,11290705,종암동,25975.726159090907
124,11290715,월곡1동,17230.76157727273
125,11290725,월곡2동,15676.531486363636
126,11290760,장위1동,14005.277070454544
127,11290770,장위2동,8780.587154545454
128,11290780,장위3동,5447.55538409091
129,11290810,석관동,18898.29122727273
130,11305534,삼양동,14534.734093181816
131,11305535,미아동,15683.634661363638
132,11305545,송중동,22262.45753863636
133,11305555,송천동,17530.00816590909
134,11305575,삼각산동,11429.994159090911
135,11305590,번1동,13152.170831818183
137,11305600,번2동,7009.4167295454545
139,11305606,번3동,8934.805856818182
141,11305610,수유1동,11393.24855681818
143,11305620,수유2동,10230.861406818181
145,11305630,수유3동,18209.72651590909
147,11305645,우이동,11275.425054545456
148,11305660,인수동,17085.06993181818
149,11320511,창1동,12213.460659090908
150,11320512,창2동,22415.894306818187
151,11320513,창3동,5664.144906818182
152,11320514,창4동,20757.13595227273
153,11320515,창5동,12066.003665909091
154,11320521,도봉1동,10988.259068181818
155,11320522,도봉2동,13304.652618181817
156,11320660,쌍문1동,10897.953538636364
157,11320670,쌍문2동,11968.693820454546
158,11320680,쌍문3동,11787.787377272727
159,11320681,쌍문4동,7555.6522113636365
160,11320690,방학1동,15654.777675000001
161,11320700,방학2동,6366.093695454545
162,11320710,방학3동,11831.292379545452
163,11350560,월계1동,13765.469279545456
164,11350570,월계2동,12118.061272727273
165,11350580,월계3동,14448.611829545453
166,11350595,공릉1동,27059.332786363637
167,11350600,공릉2동,31873.04104318182
168,11350611,하계1동,18038.325218181817
169,11350612,하계2동,11030.725015909095
170,11350619,중계본동,13764.60820909091
171,11350621,중계1동,15683.312634090911
172,11350624,중계4동,9479.522979545456
173,11350625,중계2.3동,19621.473995454548
174,11350630,상계1동,21763.39026136364
175,11350640,상계2동,17847.35086136364
176,11350665,상계3.4동,13171.668413636366
177,11350670,상계5동,10233.567354545452
178,11350695,상계6.7동,31530.990656818183
179,11350700,상계8동,10559.957268181819
180,11350710,상계9동,10493.85334090909
181,11350720,상계10동,8508.396136363635
182,11380510,녹번동,21866.490752272726
183,11380520,불광1동,16277.685288636365
184,11380530,불광2동,14863.423063636363
185,11380551,갈현1동,12955.949909090907
186,11380552,갈현2동,14514.590790909093
187,11380560,구산동,17572.6299
188,11380570,대조동,38145.26760454546
189,11380580,응암1동,17011.71485227273
190,11380590,응암2동,10060.944068181818
191,11380600,응암3동,16130.121056818181
192,11380625,역촌동,26030.920111363634
193,11380631,신사1동,15860.341961363636
194,11380632,신사2동,9405.836356818183
195,11380640,증산동,10813.420629545455
196,11380650,수색동,13826.56605909091
197,11380690,진관동,37365.45353636364
198,11410520,천연동,10656.592515909091
199,11410555,북아현동,45424.58369318181
200,11410565,충현동,39032.40621136364
201,11410585,신촌동,46019.61688863636
202,11410615,연희동,30358.563000000002
203,11410620,홍제1동,16719.23616818182
204,11410640,홍제3동,9654.936674999999
205,11410655,홍제2동,5815.05785
206,11410660,홍은1동,9480.109734090907
207,11410685,홍은2동,16361.386670454543
208,11410690,남가좌1동,5257.486518181818
209,11410700,남가좌2동,13714.33850909091
210,11410710,북가좌1동,9021.190263636363
211,11410720,북가좌2동,19809.52987272727
212,11440555,아현동,20199.422679545452
213,11440565,공덕동,27479.827524999993
214,11440585,도화동,12809.57443409091
215,11440590,용강동,17886.370499999997
216,11440600,대흥동,16657.52182727273
217,11440610,염리동,12411.730481818182
218,11440630,신수동,12245.548347727272
219,11440655,서강동,18209.828043181817
220,11440660,서교동,46710.37725681819
221,11440680,합정동,15819.999211363638
222,11440690,망원1동,14860.93195
223,11440700,망원2동,11852.015927272725
224,11440710,연남동,12446.287731818182
225,11440720,성산1동,15568.43189318182
226,11440730,성산2동,26839.400620454548
227,11440740,상암동,41336.07363863637
228,11470510,목1동,27431.50472272727
229,11470520,목2동,16167.430720454546
230,11470530,목3동,12764.808497727274
231,11470540,목4동,12671.86585
232,11470550,목5동,25171.468079545462
233,11470560,신월1동,9611.49435681818
234,11470570,신월2동,7520.707959090911
235,11470580,신월3동,9543.147563636363
236,11470590,신월4동,6884.364184090909
237,11470600,신월5동,7848.882347727273
238,11470610,신월6동,3159.2504931818185
239,11470611,신월7동,9358.582822727274
240,11470620,신정1동,10061.284261363637
241,11470630,신정2동,8962.54796590909
242,11470640,신정3동,27846.953579545447
243,11470650,신정4동,25067.211481818184
244,11470670,신정6동,12736.479922727274
245,11470680,신정7동,13209.93965681818
246,11500510,염창동,21989.65155454545
247,11500520,등촌1동,17190.57987045454
248,11500530,등촌2동,10806.318109090907
249,11500535,등촌3동,28046.051372727277
250,11500540,화곡1동,33807.062836363635
251,11500550,화곡2동,7919.242111363637
252,11500560,화곡3동,12785.69308181818
253,11500570,화곡4동,11588.841304545456
254,11500590,화곡본동,18359.143913636362
255,11500591,화곡6동,16526.724338636363
256,11500593,화곡8동,25225.563725
257,11500603,가양1동,43007.248875
258,11500604,가양2동,11742.325711363637
259,11500605,가양3동,9985.007752272726
260,11500611,발산1동,25093.798236363633
261,11500615,우장산동,25065.550224999995
262,11500620,공항동,28797.408725
263,11500630,방화1동,23971.862261363636
264,11500640,방화2동,21771.914888636362
265,11500641,방화3동,9830.605672727272
266,11530510,신도림동,24871.314109090912
267,11530520,구로1동,11665.3006
268,11530530,구로2동,28910.33517272727
269,11530540,구로3동,36791.48664090909
270,11530550,구로4동,13054.013925
271,11530560,구로5동,26835.713906818175
272,11530595,가리봉동,9418.830240909092
273,11530720,고척1동,16132.505552272725
274,11530730,고척2동,10084.883577272727
275,11530740,개봉1동,20010.70754772727
276,11530750,개봉2동,15477.117411363635
277,11530760,개봉3동,10585.941272727272
278,11530770,오류1동,11559.199681818181
279,11530780,오류2동,32562.680695454543
280,11530790,수궁동,16571.871775
282,11545510,가산동,65578.33247272727
283,11545610,독산1동,33633.10794545454
284,11545620,독산2동,9512.873511363636
285,11545630,독산3동,12649.663565909092
286,11545640,독산4동,7789.798036363638
287,11545670,시흥1동,19296.608075
288,11545680,시흥2동,9341.936020454545
289,11545690,시흥3동,8021.365347727272
290,11545700,시흥4동,6652.605459090909
291,11545710,시흥5동,7287.971340909091
292,11560515,영등포본동,15365.926977272726
293,11560535,영등포동,39602.28589318183
294,11560540,여의동,107915.53201363636
295,11560550,당산1동,19946.490136363638
296,11560560,당산2동,34157.33897727273
297,11560585,도림동,11245.145197727272
298,11560605,문래동,30866.432990909085
299,11560610,양평1동,16533.462054545453
300,11560620,양평2동,24970.241915909086
301,11560630,신길1동,14621.717497727275
302,11560650,신길3동,8924.474138636364
303,11560660,신길4동,4695.065806818181
304,11560670,신길5동,7229.112502272728
305,11560680,신길6동,13996.383343181815
306,11560690,신길7동,12265.754159090906
307,11560700,대림1동,10897.282129545454
308,11560710,대림2동,13112.742327272726
309,11560720,대림3동,17857.833822727272
310,11590510,노량진1동,30995.837538636362
311,11590520,노량진2동,14091.939375000002
312,11590530,상도1동,30303.67711590909
313,11590540,상도2동,14111.758561363637
314,11590550,상도3동,11251.314306818183
315,11590560,상도4동,13970.448947727271
316,11590605,흑석동,22751.450470454547
317,11590620,사당1동,18090.93145681818
318,11590630,사당2동,21967.367140909097
319,11590640,사당3동,11795.83399772727
320,11590650,사당4동,9620.831672727274
321,11590651,사당5동,8683.824425
322,11590660,대방동,32880.80695
323,11590670,신대방1동,15275.901447727274
324,11590680,신대방2동,18868.921347727275
325,11620525,보라매동,12983.211288636365
326,11620545,청림동,7129.240995454545
327,11620565,성현동,13184.754909090912
328,11620575,행운동,19272.017793181818
329,11620585,낙성대동,19271.160209090907
330,11620595,청룡동,32792.24624090909
331,11620605,은천동,19582.593906818183
332,11620615,중앙동,11459.447922727273
333,11620625,인헌동,18499.964902272728
334,11620630,남현동,18768.55047727273
335,11620645,서원동,17154.048554545458
336,11620655,신원동,12422.595768181818
337,11620665,서림동,14429.15380909091
338,11620685,신사동,17014.714161363634
339,11620695,신림동,23991.012809090906
340,11620715,난향동,6337.6351340909105
341,11620725,조원동,24981.812968181817
342,11620735,대학동,26089.110772727272
343,11620745,삼성동,13717.979554545456
344,11620765,미성동,13967.367700000003
345,11620775,난곡동,11406.217384090909
346,11650510,서초1동,27615.706136363635
347,11650520,서초2동,43097.90241136364
348,11650530,서초3동,56589.110100000005
349,11650531,서초4동,28823.835272727272
350,11650540,잠원동,25031.163393181814
351,11650550,반포본동,6458.680481818181
352,11650560,반포1동,25703.542136363638
353,11650570,반포2동,17505.944577272727
354,11650580,반포3동,18418.66190909091
355,11650581,반포4동,32439.472368181818
356,11650590,방배본동,12846.649363636363
357,11650600,방배1동,14042.823002272728
358,11650610,방배2동,14309.223361363636
359,11650620,방배3동,17987.195302272732
360,11650621,방배4동,19800.714952272727
361,11650651,양재1동,43345.293079545445
362,11650652,양재2동,36356.34179090909
363,11650660,내곡동,21660.483520454545
364,11680510,신사동,24584.215027272723
365,11680521,논현1동,35618.60690681818
366,11680531,논현2동,38389.16161363637
367,11680545,압구정동,27978.230440909098
368,11680565,청담동,32741.958197727276
369,11680580,삼성1동,33238.690684090914
370,11680590,삼성2동,34901.64639772727
371,11680600,대치1동,18973.783429545452
372,11680610,대치2동,42034.226225000006
373,11680630,대치4동,32749.719456818184
374,11680640,역삼1동,93966.53290681817
375,11680650,역삼2동,47414.077881818186
376,11680655,도곡1동,29362.24941590909
377,11680656,도곡2동,21091.68067272727
378,11680660,개포1동,15783.18730909091
379,11680670,개포2동,24662.475770454545
381,11680690,개포4동,12865.849481818184
382,11680700,세곡동,30813.42339090909
383,11680720,일원본동,17813.920452272727
384,11680730,일원1동,11580.786670454545
385,11680740,개포3동,15104.682006818184
386,11680750,수서동,18809.142243181817
387,11710510,풍납1동,10520.754845454547
388,11710520,풍납2동,28257.428993181813
389,11710531,거여1동,8413.112820454546
390,11710532,거여2동,12289.360006818184
391,11710540,마천1동,7703.968881818182
392,11710550,마천2동,8897.094306818182
393,11710561,방이1동,11253.290338636363
394,11710562,방이2동,27541.30950227273
395,11710566,오륜동,14457.451254545455
396,11710570,오금동,26226.16501136364
397,11710580,송파1동,20741.014238636362
398,11710590,송파2동,12492.362081818183
399,11710600,석촌동,20050.200050000003
400,11710610,삼전동,21395.533163636363
401,11710620,가락본동,30521.47421818182
402,11710631,가락1동,22688.738936363636
403,11710632,가락2동,18045.573324999998
404,11710641,문정1동,15842.05110681818
405,11710642,문정2동,36685.81753636363
406,11710646,장지동,23628.4816840909
407,11710647,위례동,29011.124675000003
408,11710650,잠실본동,26530.950597727275
409,11710670,잠실2동,20493.611104545453
410,11710680,잠실3동,30040.745352272723
411,11710690,잠실4동,15340.562511363636
412,11710710,잠실6동,31113.699515909084
413,11710720,잠실7동,7153.030329545456
414,11740515,강일동,36958.289620454554
415,11740520,상일1동,28717.896286363637
418,11740530,명일1동,17328.668245454544
419,11740540,명일2동,10347.86597727273
420,11740550,고덕1동,15596.84128409091
421,11740560,고덕2동,16919.79340909091
422,11740570,암사1동,19130.360129545457
423,11740580,암사2동,10358.759027272727
424,11740590,암사3동,10043.092759090909
425,11740600,천호1동,21497.770375
426,11740610,천호2동,31268.26840454546
427,11740620,천호3동,19473.93400681818
428,11740640,성내1동,16701.926745454548
429,11740650,성내2동,17124.441061363636
430,11740660,성내3동,20144.060622727276
431,11740685,길동,39720.851309090904
432,11740690,둔촌1동,4511.669611363637
433,11740700,둔촌2동,19679.840456818183
