,행정동코드,행정동이름,퇴근시간대_생활인구총합
0,11110515,청운효자동,10581.512468181818
1,11110530,사직동,24908.721068181818
2,11110540,삼청동,4888.35765
3,11110550,부암동,7685.734306818182
4,11110560,평창동,10582.412052272728
5,11110570,무악동,4004.993038636364
6,11110580,교남동,5983.293997727272
7,11110600,가회동,4743.330122727273
8,11110615,종로1.2.3.4가동,68080.3113340909
9,11110630,종로5.6가동,12388.996615909093
10,11110640,이화동,24488.63306136364
11,11110650,혜화동,27079.7130159091
12,11110670,창신1동,5431.778065909091
13,11110680,창신2동,5403.364327272728
14,11110690,창신3동,3011.585479545454
15,11110700,숭인1동,5390.591254545454
16,11110710,숭인2동,10059.753272727272
17,11140520,소공동,29682.242404545454
18,11140540,회현동,24166.61546590909
19,11140550,명동,42997.22946363637
20,11140570,필동,13627.272756818184
21,11140580,장충동,10342.03304090909
22,11140590,광희동,25202.65885909091
23,11140605,을지로동,16862.893524999996
24,11140615,신당동,16231.243968181818
25,11140625,다산동,12159.345677272728
26,11140635,약수동,9236.06339090909
27,11140645,청구동,6569.883625
28,11140650,신당5동,6287.975036363638
29,11140665,동화동,8983.768320454545
30,11140670,황학동,8708.899113636364
31,11140680,중림동,6465.496593181817
32,11170510,후암동,8162.2499181818175
33,11170520,용산2가동,9537.279893181818
34,11170530,남영동,16775.299577272726
35,11170555,청파동,16644.584318181816
36,11170560,원효로1동,14612.79907727273
37,11170570,원효로2동,9172.370445454546
38,11170580,효창동,6374.892934090908
39,11170590,용문동,5492.171345454545
40,11170625,한강로동,54355.75699772729
41,11170630,이촌1동,17324.78069772727
42,11170640,이촌2동,6498.528356818181
43,11170650,이태원1동,10744.671320454545
44,11170660,이태원2동,8208.322063636364
45,11170685,한남동,27088.35403181818
46,11170690,서빙고동,10586.624952272727
47,11170700,보광동,5482.843059090909
48,11200520,왕십리2동,9868.332595454545
49,11200535,왕십리도선동,22040.887263636363
50,11200540,마장동,13672.570938636363
51,11200550,사근동,18839.671370454544
52,11200560,행당1동,24319.441618181816
53,11200570,행당2동,11132.762629545454
54,11200580,응봉동,6404.674047727272
55,11200590,금호1가동,9230.238595454544
56,11200615,금호2.3가동,13111.688113636363
57,11200620,금호4가동,8850.031379545457
58,11200645,옥수동,19439.53039318182
59,11200650,성수1가1동,16140.618252272725
60,11200660,성수1가2동,20123.27825454545
61,11200670,성수2가1동,15704.38296590909
62,11200690,성수2가3동,34014.783193181815
63,11200720,송정동,6025.243952272728
64,11200790,용답동,14316.278247727272
65,11215710,화양동,37754.18312727272
66,11215730,군자동,17861.465379545454
67,11215740,중곡1동,11718.903752272727
68,11215750,중곡2동,11565.088136363636
69,11215760,중곡3동,10821.672227272726
70,11215770,중곡4동,15507.544649999996
71,11215780,능동,13263.050236363637
72,11215810,광장동,23056.89455
73,11215820,자양1동,18532.385306818185
74,11215830,자양2동,14564.385734090907
75,11215840,자양3동,19899.470199999996
76,11215847,자양4동,24986.178415909093
77,11215850,구의1동,16620.562136363635
78,11215860,구의2동,12464.464584090907
79,11215870,구의3동,23412.59399090909
80,11230536,용신동,31166.028525
81,11230545,제기동,20983.93753636364
82,11230560,전농1동,25449.40451136364
83,11230570,전농2동,9645.46015681818
84,11230600,답십리1동,15173.73758181818
85,11230610,답십리2동,13305.102034090909
86,11230650,장안1동,25812.787143181824
87,11230660,장안2동,19741.766422727276
88,11230705,청량리동,13518.50699318182
89,11230710,회기동,12673.833654545457
90,11230720,휘경1동,13225.11210909091
91,11230730,휘경2동,11291.976636363637
92,11230740,이문1동,16069.189968181821
93,11230750,이문2동,8208.473509090909
94,11260520,면목2동,11774.607225000002
95,11260540,면목4동,9646.268436363634
96,11260550,면목5동,8022.952186363636
97,11260565,면목본동,18796.43909318182
98,11260570,면목7동,9966.499159090909
99,11260575,면목3.8동,14795.563895454545
100,11260580,상봉1동,11534.123688636362
101,11260590,상봉2동,22236.769386363634
102,11260600,중화1동,9231.447365909093
103,11260610,중화2동,16782.306513636362
104,11260620,묵1동,15738.687911363639
105,11260630,묵2동,12604.312004545456
106,11260655,망우본동,28131.704218181818
107,11260660,망우3동,6267.66518409091
108,11260680,신내1동,21119.993781818182
109,11260690,신내2동,9383.930134090908
110,11290525,성북동,13694.647793181815
111,11290555,삼선동,20794.385902272723
112,11290575,동선동,21224.222718181816
113,11290580,돈암1동,6864.850761363637
114,11290590,돈암2동,7989.518477272728
115,11290600,안암동,19521.59595227273
116,11290610,보문동,10887.188036363637
117,11290620,정릉1동,8211.819886363637
118,11290630,정릉2동,12558.734918181819
119,11290640,정릉3동,9626.375309090909
120,11290650,정릉4동,10113.037640909091
121,11290660,길음1동,21656.389059090914
122,11290685,길음2동,13760.699556818183
123,11290705,종암동,23698.247018181824
124,11290715,월곡1동,17338.479429545452
125,11290725,월곡2동,15203.563743181816
126,11290760,장위1동,13305.18707272727
127,11290770,장위2동,7578.907649999999
128,11290780,장위3동,4726.22928409091
129,11290810,석관동,18538.66004090909
130,11305534,삼양동,13886.61140454545
131,11305535,미아동,15108.498420454547
132,11305545,송중동,24302.353463636366
133,11305555,송천동,16743.87342272727
134,11305575,삼각산동,10251.595738636364
135,11305590,번1동,14007.30421590909
137,11305600,번2동,5891.346977272727
139,11305606,번3동,8827.524800000001
141,11305610,수유1동,9426.36082272727
143,11305620,수유2동,10784.908990909089
145,11305630,수유3동,21398.205436363634
147,11305645,우이동,10849.21326590909
148,11305660,인수동,15916.82414772727
149,11320511,창1동,11804.909888636364
150,11320512,창2동,19986.711309090904
151,11320513,창3동,5654.1024636363645
152,11320514,창4동,19323.74213409091
153,11320515,창5동,13620.36390909091
154,11320521,도봉1동,10286.875043181817
155,11320522,도봉2동,11527.867788636364
156,11320660,쌍문1동,9653.154272727274
157,11320670,쌍문2동,11997.991034090908
158,11320680,쌍문3동,11414.967604545454
159,11320681,쌍문4동,6921.113906818182
160,11320690,방학1동,17675.472906818177
161,11320700,방학2동,6441.424477272728
162,11320710,방학3동,10386.183388636364
163,11350560,월계1동,13996.764609090911
164,11350570,월계2동,9974.559077272728
165,11350580,월계3동,14006.602125000001
166,11350595,공릉1동,28633.399234090914
167,11350600,공릉2동,28584.54523863636
168,11350611,하계1동,15633.039147727271
169,11350612,하계2동,9866.784702272726
170,11350619,중계본동,15349.487838636367
171,11350621,중계1동,17421.559054545454
172,11350624,중계4동,9420.41082272727
173,11350625,중계2.3동,18992.55726363636
174,11350630,상계1동,22125.489031818182
175,11350640,상계2동,24711.716170454543
176,11350665,상계3.4동,12317.253529545456
177,11350670,상계5동,10688.817804545455
178,11350695,상계6.7동,33514.72742727273
179,11350700,상계8동,9597.78587272727
180,11350710,상계9동,10173.84674090909
181,11350720,상계10동,9075.501297727275
182,11380510,녹번동,21240.719354545454
183,11380520,불광1동,15887.235270454545
184,11380530,불광2동,13508.935161363637
185,11380551,갈현1동,13821.202202272729
186,11380552,갈현2동,14268.149409090907
187,11380560,구산동,14539.710518181819
188,11380570,대조동,39686.548595454544
189,11380580,응암1동,14966.551786363638
190,11380590,응암2동,9568.066913636365
191,11380600,응암3동,16169.032763636364
192,11380625,역촌동,26461.343354545457
193,11380631,신사1동,16226.985040909092
194,11380632,신사2동,7398.187868181819
195,11380640,증산동,10054.566129545454
196,11380650,수색동,12108.571002272725
197,11380690,진관동,36807.60056363636
198,11410520,천연동,9607.707600000002
199,11410555,북아현동,35893.42280681818
200,11410565,충현동,35008.11990227272
201,11410585,신촌동,51675.51830454544
202,11410615,연희동,26270.59460681818
203,11410620,홍제1동,15136.478249999998
204,11410640,홍제3동,9329.646406818181
205,11410655,홍제2동,6159.591834090908
206,11410660,홍은1동,8672.148436363637
207,11410685,홍은2동,14547.391561363635
208,11410690,남가좌1동,5608.882388636363
209,11410700,남가좌2동,13950.04059090909
210,11410710,북가좌1동,8258.380018181817
211,11410720,북가좌2동,19370.33932045455
212,11440555,아현동,20243.54764772727
213,11440565,공덕동,26102.545536363632
214,11440585,도화동,15189.357268181819
215,11440590,용강동,18015.680254545456
216,11440600,대흥동,18909.428354545456
217,11440610,염리동,12766.061163636363
218,11440630,신수동,11398.600329545454
219,11440655,서강동,20627.378749999996
220,11440660,서교동,93635.86494545455
221,11440680,합정동,20689.818429545452
222,11440690,망원1동,15216.335895454544
223,11440700,망원2동,11831.396372727273
224,11440710,연남동,15275.900231818181
225,11440720,성산1동,14068.35661590909
226,11440730,성산2동,25529.713443181816
227,11440740,상암동,39971.77784090909
228,11470510,목1동,36316.440179545454
229,11470520,목2동,14162.581725
230,11470530,목3동,13242.692311363637
231,11470540,목4동,11664.415688636362
232,11470550,목5동,27121.54609318182
233,11470560,신월1동,9251.69946818182
234,11470570,신월2동,7274.4007795454545
235,11470580,신월3동,8401.302818181819
236,11470590,신월4동,6853.743213636363
237,11470600,신월5동,6684.1248
238,11470610,신월6동,3160.9412795454546
239,11470611,신월7동,9244.182111363638
240,11470620,신정1동,11151.67874318182
241,11470630,신정2동,9398.209936363637
242,11470640,신정3동,24083.227209090906
243,11470650,신정4동,23524.13705
244,11470670,신정6동,12275.222229545454
245,11470680,신정7동,13533.361350000003
246,11500510,염창동,21216.211554545454
247,11500520,등촌1동,16500.081711363637
248,11500530,등촌2동,8667.592629545454
249,11500535,등촌3동,29007.240690909086
250,11500540,화곡1동,32768.990129545455
251,11500550,화곡2동,6766.946731818183
252,11500560,화곡3동,13483.797425
253,11500570,화곡4동,11164.0076
254,11500590,화곡본동,15692.186493181818
255,11500591,화곡6동,15037.218177272727
256,11500593,화곡8동,25188.090545454543
257,11500603,가양1동,40018.13783181819
258,11500604,가양2동,11291.249915909091
259,11500605,가양3동,8222.550613636364
260,11500611,발산1동,21039.12052272727
261,11500615,우장산동,26640.460286363632
262,11500620,공항동,25236.77701363637
263,11500630,방화1동,22209.7316
264,11500640,방화2동,21239.767031818184
265,11500641,방화3동,8684.351543181816
266,11530510,신도림동,27191.62298863636
267,11530520,구로1동,9941.171425
268,11530530,구로2동,25969.02201818182
269,11530540,구로3동,37493.75191590909
270,11530550,구로4동,13696.78427954545
271,11530560,구로5동,28039.12905000001
272,11530595,가리봉동,9151.010320454547
273,11530720,고척1동,22775.94147727273
274,11530730,고척2동,8860.257906818182
275,11530740,개봉1동,20433.90111363636
276,11530750,개봉2동,15308.379038636363
277,11530760,개봉3동,11076.794206818182
278,11530770,오류1동,12296.576920454545
279,11530780,오류2동,30982.248977272728
280,11530790,수궁동,13963.150918181815
282,11545510,가산동,58451.77386363636
283,11545610,독산1동,31059.751477272726
284,11545620,독산2동,8849.463320454546
285,11545630,독산3동,12186.796418181819
286,11545640,독산4동,8142.150690909091
287,11545670,시흥1동,20824.165347727278
288,11545680,시흥2동,8587.070063636364
289,11545690,시흥3동,6788.345527272729
290,11545700,시흥4동,5718.2750863636375
291,11545710,시흥5동,7512.194654545454
292,11560515,영등포본동,15434.747145454545
293,11560535,영등포동,47010.38801590908
294,11560540,여의동,95783.69545909093
295,11560550,당산1동,20334.654595454547
296,11560560,당산2동,32801.49431590909
297,11560585,도림동,10759.610206818183
298,11560605,문래동,32822.841772727275
299,11560610,양평1동,14047.019522727274
300,11560620,양평2동,22618.48390909091
301,11560630,신길1동,13026.244531818184
302,11560650,신길3동,8586.136759090909
303,11560660,신길4동,4724.726236363637
304,11560670,신길5동,7160.330831818181
305,11560680,신길6동,13475.607713636364
306,11560690,신길7동,12328.146286363637
307,11560700,대림1동,11742.812945454543
308,11560710,대림2동,13902.876975000001
309,11560720,대림3동,18537.138686363636
310,11590510,노량진1동,30415.23813181818
311,11590520,노량진2동,13791.117025000001
312,11590530,상도1동,27971.96881590909
313,11590540,상도2동,13992.26980681818
314,11590550,상도3동,10596.870488636365
315,11590560,상도4동,12022.198704545453
316,11590605,흑석동,21853.665125000003
317,11590620,사당1동,20280.455111363633
318,11590630,사당2동,25265.72787727273
319,11590640,사당3동,10490.924263636363
320,11590650,사당4동,8891.313152272727
321,11590651,사당5동,7784.074668181819
322,11590660,대방동,30283.488240909093
323,11590670,신대방1동,13033.409254545457
324,11590680,신대방2동,17120.676263636364
325,11620525,보라매동,10770.226831818183
326,11620545,청림동,6089.178154545455
327,11620565,성현동,11896.872693181818
328,11620575,행운동,17156.484179545452
329,11620585,낙성대동,20187.030277272726
330,11620595,청룡동,31691.819288636365
331,11620605,은천동,19126.483975
332,11620615,중앙동,11278.723165909092
333,11620625,인헌동,17036.57150681818
334,11620630,남현동,19637.621075000003
335,11620645,서원동,17117.390963636364
336,11620655,신원동,11193.807047727272
337,11620665,서림동,11402.641345454547
338,11620685,신사동,14091.740913636364
339,11620695,신림동,25078.250054545453
340,11620715,난향동,5569.148206818181
341,11620725,조원동,27012.63635681818
342,11620735,대학동,25568.23731363636
343,11620745,삼성동,12046.41616590909
344,11620765,미성동,12807.837765909091
345,11620775,난곡동,10143.974613636363
346,11650510,서초1동,26793.085804545455
347,11650520,서초2동,45644.520502272724
348,11650530,서초3동,59173.36781136364
349,11650531,서초4동,40696.37093636364
350,11650540,잠원동,25841.291361363637
351,11650550,반포본동,5103.73069090909
352,11650560,반포1동,27931.988759090913
353,11650570,반포2동,17776.616213636364
354,11650580,반포3동,20992.982775000004
355,11650581,반포4동,40094.265768181824
356,11650590,방배본동,12011.684195454547
357,11650600,방배1동,16068.413411363636
358,11650610,방배2동,17679.375925
359,11650620,방배3동,12550.560068181816
360,11650621,방배4동,21231.833331818183
361,11650651,양재1동,40997.902202272715
362,11650652,양재2동,31101.016018181817
363,11650660,내곡동,15443.888152272726
364,11680510,신사동,38989.35095454544
365,11680521,논현1동,43027.47043636365
366,11680531,논현2동,45654.35178636363
367,11680545,압구정동,40117.14375454546
368,11680565,청담동,35654.27040454545
369,11680580,삼성1동,42299.65849545454
370,11680590,삼성2동,32414.099615909094
371,11680600,대치1동,22585.290340909087
372,11680610,대치2동,44315.754718181815
373,11680630,대치4동,45379.68506818182
374,11680640,역삼1동,117492.95161136365
375,11680650,역삼2동,43922.33891590909
376,11680655,도곡1동,27504.449529545454
377,11680656,도곡2동,19841.623831818186
378,11680660,개포1동,13472.408486363638
379,11680670,개포2동,21147.083325000003
381,11680690,개포4동,11203.728529545453
382,11680700,세곡동,26613.82348636363
383,11680720,일원본동,12788.882272727273
384,11680730,일원1동,10118.532477272729
385,11680740,개포3동,12900.843904545454
386,11680750,수서동,16775.46666818182
387,11710510,풍납1동,10086.00267727273
388,11710520,풍납2동,19578.99595454545
389,11710531,거여1동,7904.763065909093
390,11710532,거여2동,12296.110152272728
391,11710540,마천1동,6685.807270454545
392,11710550,마천2동,8620.281879545453
393,11710561,방이1동,14603.118193181821
394,11710562,방이2동,32219.651920454544
395,11710566,오륜동,13955.07139090909
396,11710570,오금동,23459.89018181818
397,11710580,송파1동,23584.997302272724
398,11710590,송파2동,11209.259593181818
399,11710600,석촌동,20251.39972727272
400,11710610,삼전동,19301.994497727275
401,11710620,가락본동,29039.612136363638
402,11710631,가락1동,21475.46248409091
403,11710632,가락2동,17285.68901818182
404,11710641,문정1동,15252.00369772727
405,11710642,문정2동,35719.940679545456
406,11710646,장지동,21000.965575000002
407,11710647,위례동,28147.08487954546
408,11710650,잠실본동,30284.81027727273
409,11710670,잠실2동,29099.122450000003
410,11710680,잠실3동,38320.50742272727
411,11710690,잠실4동,11553.686313636365
412,11710710,잠실6동,43037.42545
413,11710720,잠실7동,6902.220870454546
414,11740515,강일동,31264.020315909092
415,11740520,상일1동,27354.82321590909
418,11740530,명일1동,18798.29268636364
419,11740540,명일2동,11115.577534090913
420,11740550,고덕1동,13114.343420454547
421,11740560,고덕2동,13447.221663636363
422,11740570,암사1동,18209.181022727273
423,11740580,암사2동,10008.343829545454
424,11740590,암사3동,8272.10039090909
425,11740600,천호1동,19823.291445454546
426,11740610,천호2동,32868.513752272724
427,11740620,천호3동,19645.913429545453
428,11740640,성내1동,16349.429838636359
429,11740650,성내2동,17347.784379545454
430,11740660,성내3동,20303.491718181816
431,11740685,길동,40808.91250909091
432,11740690,둔촌1동,2505.570743181818
433,11740700,둔촌2동,16455.984325
